Device: CPU.
Number of test cases 13952.
Number of threads = 32
Reading fsm: ../s298.kiss2
Time in ms
9.466377 
8.340463 
11.485353 
10.489694 
9.350161 
6.472903 
6.344465 
6.325468 
6.919191 
6.771406 
7.957523 
6.311639 
6.192281 
5.964528 
5.868077 
5.689352 
7.025349 
7.225305 
6.691297 
8.635683 
6.397963 
4.680563 
4.672671 
4.686709 
4.674417 
4.675395 
4.681331 
6.235512 
6.752828 
4.682798 
4.658842 
6.367443 
4.664709 
4.682588 
4.678817 
4.661845 
9.975800 
6.661754 
4.874652 
4.796919 
6.876098 
4.704239 
4.681750 
6.034369 
6.340135 
4.674137 
4.672950 
4.667642 
4.682518 
4.653534 
5.572717 
7.315261 
5.648076 
5.223720 
6.866530 
5.189707 
5.194805 
6.906270 
5.208494 
5.199136 
5.206957 
5.181535 
5.237548 
5.209751 
5.201021 
5.015662 
6.905920 
5.200533 
5.195574 
5.198018 
5.196621 
5.200392 
5.198856 
5.081872 
5.030608 
5.272679 
5.282456 
5.293352 
5.285948 
5.249911 
6.895234 
5.233148 
5.182443 
5.447352 
5.452521 
5.451542 
5.425841 
6.825602 
5.446444 
5.454616 
5.437015 
5.468933 
5.440228 
5.448540 
5.425911 
6.483519 
5.225327 
5.228748 
5.229307 
5.239364 
