Device: Tesla K40m 
Compute units: 15 
Work-group size: 1024 
Local memory size (in bytes): 49152 
Global memory size (in bytes): 11996954624 
Global memory cache size (in bytes): 245760 
Version: OpenCL 1.2 CUDA 
LDIM = 872
Reading fsm: ../s298.kiss2
Size of FSM with 1096 transitions is 17536 bytes.
Number of test cases: 13952
Time in ms
trans-inputs	trans-results	exec-kernel	time-total
2.379136	3.547680	8.128480	15.729896
2.941088	1.120416	8.082624	13.612653
2.370528	1.092640	8.108960	12.841883
2.264992	1.103936	8.103584	12.744734
2.231392	1.070624	8.051552	12.622581
2.237792	1.013568	8.072608	12.572714
2.340224	1.079936	8.042560	12.745501
2.230624	1.024800	8.035104	12.566917
2.385824	1.077280	8.051392	12.774695
2.297248	1.067584	8.049024	12.670981
2.243680	1.051520	8.041120	12.597718
2.264320	1.078592	8.059616	12.670213
2.258720	0.990944	8.083936	12.595343
2.417216	1.015200	8.013088	12.682435
2.358688	1.005824	8.072832	12.671470
2.356512	1.148992	8.050816	12.866677
2.304736	1.145728	8.091168	12.855432
2.298752	1.159008	8.047264	12.779095
2.338400	1.107424	8.038784	12.762403
2.269632	1.122656	8.038752	12.686765
2.228640	1.088192	8.048192	12.653311
2.243872	1.119168	8.036800	12.697172
2.223200	1.119264	8.037824	12.664556
2.241600	1.069920	8.043552	12.651286
2.267872	1.080832	8.021568	12.625235
2.448288	1.080800	8.059520	12.862417
2.222208	1.095456	8.012544	12.572924
2.261760	1.053984	8.040352	12.613991
2.325824	1.069952	8.068672	12.706949
2.277984	1.036672	8.075648	12.646397
2.289472	1.097056	8.021504	12.672099
2.237056	1.099872	8.093440	12.681387
2.228064	1.059456	8.032224	12.593247
2.237952	1.055168	8.032576	12.592479
2.222336	1.064352	8.046880	12.620835
2.234912	1.000192	8.060992	12.582143
2.390880	1.087008	8.002912	12.756467
2.309888	1.062816	8.055040	12.676569
2.253120	1.025504	8.047584	12.577603
2.303328	1.088224	8.053408	12.721058
2.238272	1.074496	8.008736	12.570340
2.403616	1.053536	8.052480	12.795649
2.364576	1.061696	8.112832	12.813318
2.230624	1.100832	8.045696	12.642206
2.390080	1.070656	8.012288	12.728391
2.359456	1.014272	8.066400	12.683133
2.262880	1.058624	8.062304	12.623419
2.242336	1.040064	8.021408	12.551063
2.261184	1.042112	8.100320	12.677128
2.219904	1.059168	8.078176	12.626911
2.256384	1.049632	8.028512	12.591711
2.234720	1.055584	8.114400	12.681387
2.662848	1.139936	8.098656	13.182849
2.319040	1.141056	8.074016	12.810664
2.242784	1.105312	8.106624	12.735724
2.211904	1.105728	8.062816	12.698080
2.338720	1.083776	8.050784	12.761286
2.222720	1.065696	8.054688	12.601559
2.260576	1.065888	8.084160	12.669654
2.312704	1.030880	8.088480	12.685438
2.430912	1.088928	8.041280	12.848728
2.332224	1.066080	8.086944	12.738867
2.224320	0.997216	8.120480	12.613083
2.258688	1.021600	8.101504	12.651006
2.263264	1.026272	8.063456	12.609381
2.238112	1.087776	8.093024	12.680479
2.300096	1.043744	8.019456	12.622930
2.249280	1.055072	8.052160	12.623978
2.234624	1.024352	8.033888	12.542822
2.396096	1.009056	8.050080	12.706950
2.186496	1.047328	8.026432	12.527248
2.232352	1.060448	8.034944	12.564822
2.254944	1.027072	8.017888	12.522987
2.223200	1.052448	8.064960	12.569781
2.268416	1.020992	8.040928	12.573203
2.320736	1.032448	8.063776	12.670632
2.274496	1.014752	8.107456	12.668886
2.224448	1.058784	8.071200	12.631242
2.283520	1.060768	8.035936	12.655337
2.222880	1.020224	8.013216	12.522009
2.279264	1.042944	8.077664	12.669095
2.257568	1.025856	8.072160	12.602607
2.251872	1.057440	8.080128	12.625723
2.231712	1.026368	8.072256	12.577533
2.220896	1.044320	8.083232	12.594784
2.194368	1.205760	8.089056	13.056436
6.951264	1.034080	8.047008	19.661130
2.216160	0.989600	8.070400	12.526619
2.274784	1.168416	8.029984	12.731953
2.454912	1.022176	8.031392	12.775813
2.265024	1.038656	8.077952	12.643393
2.262560	1.059456	8.100800	12.689140
2.447424	1.022944	8.084672	12.798721
2.259808	1.060224	8.076736	12.663439
2.269024	1.017216	8.075392	12.607775
2.266688	1.050592	8.016576	12.567686
2.300928	0.994304	8.019104	12.538492
2.275360	1.077760	7.970496	12.552320
2.269568	1.042976	8.084512	12.640181
2.265920	0.963680	8.079072	12.529971
